95
15.50
7.45
8.72
29.15
19.90
43.87
17.52
10.75
6.90
20.95
140.64
14.52
9.26
8.49
6.50
29.09
41.58
7.95
12.90
9.90
24.50
38.70
6.77
26.25
39.90
174.49
15.90
15.98
43.28
8.83
14.52
189
15.90
76.90
7.04
6.50
37.34
8.67
24.37
16.50
16.47
31.96
9.95
21.90
7.60
27.95
25.95
14.09
18.03
9.40
10.95
8.90
11.05
5.36
31.18
39.90
633.62
8.29
48
19.90
9.50
7.36
16.80
19.90
48.64
11.35
119
53.61
16.75
40.95
11.49
38.80
7.95
4.75
35.97
9.50
23.50
27.78
39.95
6.75
18.25
10.60
23.09
17.95
7.50
12.48
229
6.95
13.95
7.90
33.05
16.96
13.15
17.36
17.59
49.09
10.90
15.50
26.50
8.60
10.66
17.24
38.50
34.12
14.65
14.57
26.18
3.95
26.90
16.83
39.90
39.90
9.90
46.90
6.15
6.50
29.67
7.79
240
38.69
59.95
193.02
75.07
15.90
66.29
29.15
10.99
12.62
19.40
120.01
199.90
59.54
39.69
59.90
9.75
87.24
14.56
161.10
14.90
69
14.43
8.90
6.99
33.20
21.91
16.90
69
8.20
79.95
26.23
8.28
32
29.90
19.95
26.95
14.75
11.95
5.65
19.50
34.32
10.85
45.60
14.95
11.70
16.34
10.45
18.49
330.45
12.49
43.16
15.60
21.90
15.95
6.15
96.90
5.33
19.01
12.90
25.75
32.75
23.94
11.25
9.95
16.47
24.15
6.90
43.61
39.58
6.95
14.90
35.50
16.48
8.68
10.21
8.95
9.12
14.38
10.95
6.95
12.40
86.76
17.90
8.50
11.95
7.70
39.95
11.21
22.50
5.95
16.90
32
17.79
15.75
19.95
26.70
45
21.40
7.75
249.95
6.50
22.13
10.42
52.53
15.69
11.50
69
5.80
39.99
39.95
8.20
15.95
8.49
20.86
13.48
36.63
17.75
133.06
169.95
8.65
13.50
75.98
28.99
130.97
86.76
52.64
11.45
7.27
7.35
11.50
7.75
17
11.31
721.34
13.95
13.20
24.80
11.50
8.95
25.12
6.25
15.84
50.90
16.90
80.01
89.90
11.98
27.93
19.90
7.99
34.20
10.90
9.80
59
62.39
48.54
17.29
13.09
36.90
21.34
79.95
21.39
154.99
8.33
115.92
17.45
9.64
20.37
71.39
15.55
49.95
8.28
19.40
69.95
28.90
7.25
14.13
34.90
7.35
15.67
20.32
13.26
9.37
15.69
11.95
35
19.01
11.99
29.12
13.95
8.90
7.25
112
12.98
30.90
9.50
19.99
16.75
5.99
21.45
21.10
33.90
11.65
32.69
27.20
7.27
14.95
224.95
16.72
6.45
8.29
8.98
7.99
7.40
60
59.90
35.50
12.58
328.95
22.37
29.95
9.60
31.68
68.81
20.99
8.67
24.75
13.16
20.76
18.42
79
12.60
14.50
14.90
12.40
447.43
16.99
24.32
21.34
58.95
7.53
19.40
18.90
19.95
59
33.95
81.97
45
31.20
39.90
28.41
12.90
11.19
88.95
27.99
34.32
83.60
31.90
11.95
39.90
11.50
9.65
11.95
17.50
9.90
115.70
44.57
7.90
19.99
8.50
39.90
6.75
95.55
59.95
10.67
92.05
7.36
20.90
8.92
18
12.90
13.99
25.90
27
229
515
32.50
14.52
50.69
32.54
15.69
9.99
15.50
43.77
13.93
6.32
7.90
5.75
18.99
23.17
23.90
24
8.75
5.90
24.37
19.50
10.75
12.85
17.45
9.65
16.56
7.95
139
76.95
14.95
13.79
26.31
11.99
46.79
7.70
16.90
16.90
14.49
49
23.38
17.79
86.76
8.29
13.50
9.78
115
54.81
13.50
7.50
52.87
63.20
20.42
40.65
154.99
42.90
77.01
378.98
20.75
6.33
9.17
89
14.84
129
18.79
7.90
38.30
7.45
19.24
13.80
85.27
24.27
54
28.08
10.65
13.15
38.94
43.95
24.75
6.77
77.01
25.26
8.98
49.50
16.90
19.35
24.75
19.39
19.99
8.36
8.39
96.99
14.40
17.95
38.99
20
7.99
34.90
13.95
23.75
15.15
20.19
8.50
16.64
60.84
49.75
25.83
12.43
77.01
18.50
7.40
7.70
17.25
6
19.89
15.90
17.84
12.14
18.92
7.75
82.86
7.79
178.96
48.50
5.50
7.18
50.67
19.80
26.95
8.32
179
50.60
95.53
9.95
44.84
11.50
11.80
11.47
33.90
94.80
249
39.95
109.13
54.59
98.98
55.79
21.05
87.24
108.95
33.95
14.70
29.50
83.95
8.41
14.57
86.76
42
4.70
12.62
38.79
13.40
11.90
5.99
46.79
10.95
59
41.04
119.95
14.54
239.95
38.50
8.50
9.99
18.50
14.89
5.50
16.69
24.46
18.90
9.26
19.95
128.91
10.69
7.79
8.72
89
39.95
7.75
43.87
10.21
129.95
108.46
15.40
25.92
6.50
55.19
26.06
56
18.70
42.95
33.92
6.60
139.95
8.67
106.15
10.60
38.50
48.64
102.35
38.89
54
10.25
16.90
7.50
31.19
19.90
12.89
10.49
8.40
26.90
6.73
77.35
11.60
12.50
26.90
9.95
16.85
19.25
7.65
6.44
10.50
8.50
12.19
28.83
13.95
15.99
13.99
85
44.99
29.25
13.95
13.95
25.95
4.95
8.95
5.74
23.49
14.20
8.60
106.25
39.19
8.90
53.61
8.72
15.42
8.90
12.60
5.99
13.70
12.62
19.42
9.90
12.50
12.90
23.59
5.70
6.20
63.27
29.15
144.53
19.05
16.90
48.40
27.20
24.90
12.14
8.59
9.50
7.50
30.90
8.49
39.48
31.48
11.09
445
8.83
6.68
14.36
14.90
26.81
18.42
10.57
149
9.90
26
54.25
46.79
13.99
7.50
14.57
8.95
10.24
14.62
11.31
49.95
8.53
9.95
21.80
15.08
17.69
7.99
76
31.19
76.95
11.90
26.32
13.42
49
8.75
8.99
109
6.25
6.61
50.20
98
88
5.15
16.79
48.10
219
16.57
19.40
25
37.90
27.95
12.90
21.93
18.50
17.45
34.99
15.27
12.30
15.47
15.05
63.92
6.95
29.95
70.19
38.25
35.50
144.53
6.50
13.82
11.55
36.46
35
47.95
11.60
32.75
13.69
52.35
5.43
6.90
10.60
13.40
16.90
54
149
8.72
36.50
106.89
8.99
8.77
21
13.50
13.55
419.95
81.95
22.59
66.45
5.43
53.61
21.24
4.86
32.90
19.20
44.59
13.69
9.99
139.95
14.57
16.08
4.75
9.90
11.65
16.60
9.90
13.33
39.90
16.39
51.90
95.70
12.87
38.70
21.95
14.55
13.95
7.58
59.02
36.75
6.75
9.78
8.32
11.50
35.95
109
10.50
31.53
19.50
43.39
32.90
11.75
7.95
29.99
7.90
9.90
14.57
26.81
15.99
14.50
8.14
30.71
55
25.50
62.39
11.49
9.95
6.75
15.50
8.95
4.90
9.65
45
18.90
16.51
6.05
18.03
10.91
16.50
10.93
17.40
8.25
11.50
9.49
10.45
13.43
7.40
13.95
15.55
29.19
29
5.95
27.05
25.55
16.90
5.49
6.39
29.90
43.65
320
7.49
9.50
15.90
17.95
33.95
34.58
261.25
9.95
29.19
19.95
16.95
7.50
5.99
24.09
10.95
12.90
8.32
33.85
50.85
9.70
7.85
10.50
5.81
34.99
18.03
5.95
29.19
8.38
12.03
16.99
38.94
270.63
13.54
28.30
48.64
153.90
56.74
77.12
35.89
10.50
8.87
14.09
6.90
35.58
57.42
25.70
7.50
17.45
48.02
35.09
23.91
7.75
15.50
11.20
19.72
24.27
16.44
12.12
73.11
70.19
8.60
470
7.70
99
14.57
14.90
67.26
4.89
106.25
34.07
10.98
77.01
94.95
14.21
7.80
9.26
399.95
1115.50
16.90
11.95
36.50
14.73
29.50
12.62
28.83
8.95
35.09
39.69
10.84
9.95
51.36
62.57
32.88
15.03
13.25
56.84
48.40
12.90
31.19
11.45
45
7.31
7.32
7.69
22.62
106.89
19.90
96.85
16.99
20.09
6.73
59.95
6.20
18.23
9.99
309.90
15.16
6.99
105
11.90
17.06
48.54
8.29
8.78
31.90
74.69
341.18
16.95
8.50
82.86
9.90
37.73
9.50
8.78
19.90
52.29
22.90
55
24.27
11.05
7.25
28.55
38.09
23.29
46.60
16.47
17.01
84
6.54
19.45
28.27
31
52.95
69.95
7.50
17.50
9.36
18.95
7.95
105.73
36.95
12.70
17.90
18.49
75
14.95
7.45
29.50
9.50
10.67
13.50
17.90
22.99
9.50
10.89
15
23.49
14.99
59.99
24.86
25.95
131.60
23.99
4.16
8.52
7.52
18.97
17.29
32.65
10.66
14.90
12.20
12.95
995
19.45
8.80
9.99
12.90
43.80
27.20
15.13
9.49
20.40
16.38
10.50
18.00
17.89
46.50
9.50
17.35
4.57
24.90
27.20
8.29
13.90
11.95
9.80
18.95
5.79
9.05
9.90
12.95
25.90
51.66
11.95
16.09
15.50
26.31
33.76
29.24
5.90
28.95
5.75
34.71
14.44
16.17
56.40
6.72
7.19
9.26
31.39
19.90
46.64
106.60
6.50
26.22
6.10
18.86
101.74
33.90
12.63
23.37
54.95
10.89
7.27
29
21
22.78
14.49
70.19
34.95
16.90
650
14.53
12.10
21.90
14.90
44.96
70.19
89
16.95
54
41.72
29.35
8.45
49.90
12.51
11.45
42.89
4.83
39.19
193.03
86.18
53.51
75.69
9.66
21.24
30.95
89
11.95
9.16
14.29
57.42
6.45
68.65
9.65
8.37
21.45
56.60
9.90
17.81
58.39
9.90
18.95
22.50
18.99
20.37
9.29
9.45
7.26
19.40
15.95
15.90
7.27
92
139.40
8.49
32.50
43.87
9.95
13.90
23.73
5.74
9.15
12.56
52.95
26.50
145.19
19.01
21.99
6.50
37.82
25.02
31.45
77.55
29.13
27.75
70.18
15.50
34.44
58.39
32.95
56.76
11.89
58.39
16.53
5.25
11.50
128.90
13.26
27.15
7.53
10.60
5.95
8.57
8.29
29.90
11.90
39.90
15.25
23.89
14.79
77.50
11.47
6.30
37.04
5.49
37.98
29.98
17.60
11.50
6.99
54.95
10.50
11.48
58.39
29.15
8.90
24.90
8.21
26.90
17.90
68.65
20.89
16.29
35.09
38.80
18.42
17.53
24.19
17.18
89
11.19
8.64
10.67
9.90
149
9.75
6.77
21.24
7.69
74.99
18.50
13.50
5.79
18.90
29.05
73.62
19.30
16.09
12.50
14.90
13.60
14.90
51.23
13.15
127.95
9.50
117.20
14.80
116
7.75
48.79
12.90
42.09
192.56
56.54
30.65
6.95
7.19
14.50
27.29
383.15
136.24
12.70
6.90
199.95
8.50
43.77
13.95
174.49
9.95
13.50
16.90
7.75
19.98
14.18
31.19
129
13.85
21.50
43.77
39.95
14.54
28.71
44.52
22.22
9.16
75.18
15.70
21.82
8.99
53.92
91.77
46.79
29.15
8.29
270.63
5.99
19.99
8.53
189.95
450
11
13.40
11.95
7.45
50.67
95.53
11.89
16.95
13.55
6.95
13.15
8.90
48.45
6.97
19.99
91.25
12.19
25.16
27.04
11.35
10.91
48.54
159
115
7.48
18.40
27.25
6.34
58.39
95.53
57.07
79
25
5.50
9.40
476.67
17.95
18.99
8.49
27.71
17.81
11.31
9.90
11.48
32.90
12.45
75
6.70
7.59
6.90
79
15.28
6.90
25.90
9.89
31.50
16.90
11.60
7.19
9.39
6.43
22.71
5.81
47.98
8.49
19.45
12.90
33
15.26
6
10.45
7.36
48.95
12.99
45.50
59
37.90
17.35
6.25
17.45
103.42
9.56
32.14
6.45
19.39
19.95
13.55
27.32
165
6.58
129
10.63
13.80
8.49
98.95
36.90
39.95
14.99
14.90
39.95
125.74
25.13
12.49
26.95
269.10
34.54
25.50
6.99
9.90
14.49
43.55
47.77
19.20
35.84
7.36
12.62
60.41
38.80
8.40
125.74
42.63
9.95
12.14
89.90
68
17.50
15.90
58
16.27
37.90
9.60
18.50
238.83
14.57
28.90
10.95
10.95
97.38
89
8.50
32.90
10.71
40.16
14.31
28.83
21
592.40
41.90
15.90
35.04
41.85
15.03
17.30
12.49
6.95
13.47
30.95
6.99
24.63
17.90
10.49
239
25.50
59.95
20.50
17.75
7.89
11.47
14.82
12.79
109
174.95
33.25
51.55
11.90
12.50
48.95
51.41
13.95
27.90
18.99
69
9.65
8.21
57.51
212.49
31.50
14.13
9.95
19.39
14.50
41
10.41
17.78
39.95
36
27.71
15.49
59.95
9.90
19.65
75
20.75
34.99
11.50
28.12
149
126.13
21.39
12.95
9.70
82.86
13.53
7.02
8.58
8.72
19.98
16.95
5.36
7.35
18.38
9.60
18.04
22.37
49.95
39.90
12.19
33.76
21.57
115.61
18.75
8.49
57.28
10.43
67.26
248.95
9.99
15.33
41.85
34.15
16.47
101.85
50.19
398.60
8.39
24.46
38.41
12.90
14.25
9.80
7.32
8.43
37.78
36.89
63.44
22.67
67.26
9.95
24.18
10.37
6.32
72.62
63.27
34.50
92.61
8.33
8.68
90.20
39.95
8.40
74.30
24.95
18.79
10.99
114.55
15.33
17.57
68.18
45.77
15.90
27.65
78.75
36.74
27.36
7.90
94.24
24.90
12
65.86
68.95
286.95
14.95
5.74
13.99
26.18
50.69
14.50
8.95
14.90
92.15
15.47
632.64
60
29.95
28
9.35
10.90
22
15.90
6.75
26.81
20.42
17.69
36.55
7.02
26.22
20.47
13.90
54.36
5.95
25.99
15.39
17.45
14.99
18.99
17.25
9.61
5.89
34.22
11.02
20.50
15.54
6.99
99.90
6.84
33.97
24.30
17.36
43.28
10.90
12.90
28.50
27.95
22.59
26.70
8.90
25.92
338.53
5.10
14.94
5.77
14.57
13.93
32.41
165
38.95
28.95
16
54.72
138.70
6.50
13.04
21.50
13.55
15.48
32
11.70
96.14
6.95
34.90
8.28
16.50
16.90
28.93
53.99
59.95
27.29
27.29
41.15
14.90
11.69
47.77
12.18
27.32
26.27
7.32
7.95
8.72
25.69
6.05
16.90
49.90
46.95
31.95
19.89
12.80
5.80
13.50
8.68
10.23
48.02
4.99
59.90
18.47
13.95
11.90
11.89
9.58
15.79
63.15
40.81
9.80
20.32
7.39
85.05
48.55
16.44
13.82
7.95
10.90
9.65
7.99
10.18
44.90
14.90
4.66
9.50
23
45.26
92.61
37.04
14.90
12.50
247
89
9.95
14.61
19.90
26
35
25.25
70.72
58
36.30
7.45
6.83
21.89
45
9.39
11.47
22.90
129
7.90
10.51
15.49
59.95
48.69
1051.80
99.40
12.18
43.95
18.90
79.95
12.28
7.25
14.75
44.85
53.61
35.97
18.94
45.90
42.50
9.90
46.79
6
24.59
11.40
23.68
18.95
9.50
15.40
120.56
27.99
6.63
12.06
286.45
22
6.33
8.45
21.95
37.45
15.90
24.90
18.42
5.95
6.65
10.92
6.62
36.67
13.90
13.60
13.82
19.50
39.90
18.90
16.36
11.90
10.42
19.90
7.44
10.25
8.32
6.50
19.86
7.50
5.80
18.60
6.73
21.19
37.95
6.75
67
6.86
17.61
7.70
189
21.44
14.94
14.94
34.59
8.95
42.89
42.90
15.67
56
8.18
34.02
43
14.45
69
7.26
7.95
19.90
121.95
11.60
15.55
8.49
100.51
7.99
23.88
13.99
14.50
12.49
26.50
9.60
42.94
5.50
11.89
28.22
7.90
16.97
49.90
33.85
20.53
33.99
67
77.01
32.90
101.52
17.06
22.91
7.50
542.23
11.90
11.16
25.75
34.60
44.57
62
34.95
10.50
29.95
102.35
24.99
32
11.31
17.50
248.95
60.19
6.90
62.90
25.34
27.65
4.75
18.70
9.50
15.01
8.90
33.90
11.60
10.03
31.10
63.95
7.25
6.77
7.27
18.90
21.90
54.22
66.79
53.35
11.50
12.99
11.56
24.50
6.73
46
57.90
10.95
7.90
15.50
11
5.90
44.90
13.16
9.65
273.71
8.78
46.79
30.62
119
32.50
14.16
10.89
10.63
44.90
20.37
10.75
17.09
31.90
26.90
9.95
9.99
258.30
23.29
13.57
14.49
66
8.72
109
8.32
7.66
15.49
8.50
98.58
9.60
18.42
11.50
80.24
9.70
14.62
24.75
11.85
14.19
17.90
29.49
65
12.50
68.23
29.90
35.69
37.04
69.95
16.32
6.78
27.95
18.92
8.62
34
15.60
17
10.95
8.28
45.90
64.03
81.90
15.50
10.69
34.89
41.71
28.90
85.78
34.12
7.31
39.95
65.23
14.35
329
33.95
89
6.33
10.50
9.90
105.26
14.84
21.90
12.90
24.95
32.66
99.95
12.90
13.99
485.45
13.99
5.31
34.02
18.50
12.50
14.13
27.20
17.50
86.76
29.90
31.91
7.85
31.90
14.57
35
48.45
7.70
13.95
22.32
65
16.50
59
26.31
41.99
12.11
8.35
6.21
8.28
33.04
55
26.90
36.11
12
106.78
17.59
49.50
9.80
24.73
34.80
9.12
50.56
4.75
17.40
8.90
12.49
8.50
25.12
15.59
42.79
103.42
38.94
12.14
14.90
79.95
27.32
5.71
89.90
9.34
21.93
11.45
6.96
12.79
58
13.90
11.21
12.90
50.85
55.37
10.23
18.80
13.09
10.52
43.90
7.87
96.90
15.51
56.95
12.30
31.57
61.22
17.95
23.09
31.90
11.50
320.71
16.88
15.90
10.90
6.33
118.99
48.90
12.90
5.80
19.40
29.05
10
15.76
38.69
29.90
46.70
49.44
63.66
10.50
11.59
9.50
91.20
16.62
42.90
10.42
46.79
193.01
15.16
167.95
84
8.95
7.95
13.99
117.76
8.18
87.37
8.89
17.99
9.50
17.16
6.54
107.79
9.55
35
4.92
34.89
8.95
18.90
12.49
82.60
47.50
12.50
7.63
32
6.73
9.39
4.90
16.38
27.20
26.55
11.50
22.30
18.84
13.99
27.90
9.20
72.40
23.40
108.33
7.28
9.75
17.50
11.61
9.98
6.90
19.99
5.95
25.75
18.40
18.94
383.15
249
6.95
6.80
50.09
9.65
33.81
7.75
14.59
36.71
131.60
11.99
15
7.95
72.62
7.95
28.01
7.95
25.24
9.55
22.39
67.26
24.90
4.95
7.35
14.29
12.10
19.90
5.80
55.90
9.95
65
14.14
19.39
32.90
5.75
11.06
21.50
6.95
12.90
7.75
18.99
19.58
10.50
16.08
18.33
37.04
13.55
15.79
9.90
21.45
22.90
39.95
42.89
69.29
33.45
8.90
20.65
8.44
91.25
5.90
10.90
22.35
26.12
54.81
7.50
46.79
5.95
193.03
37.90
8.52
15.68
32.50
37.03
79.90
5.71
5.72
27.29
6.81
17.90
46.79
36.95
12.50
76.95
27.50
13.30
22.90
34.61
7.21
18.85
6.77
23.45
14.75
11.69
8.45
9.40
34.95
8.45
9.99
19.45
79.68
39.99
19.50
14.06
15.39
25.25
109.95
55.90
11.70
209.60
16.47
39.90
19.45
140.60
7.49
21.89
12.50
10.99
16.59
25.89
3410.79
54.21
7.95
63.44
5.90
6.45
13.37
36.95
22
9.65
136.47
26.80
36.99
16.88
32.79
56.75
17.29
8.68
170.59
8.95
12.21
15.85
62.08
14.50
7.63
16.23
9.89
29.15
7.08
11.99
9.50
38.90
169.95
16.72
1168.77
25.90
24.39
272.25
59
6.25
12.14
22.38
11.15
48.90
36.11
20.65
131
53.58
20.47
20.95
35.09
8.75
14.80
21.50
9.44
109.95
8.32
7.25
12.14
6.90
30.90
23.30
6.99
38.50
11.65
8.50
17.90
9.50
115.43
10.50
83.90
60.92
14.90
8.50
90.54
23.68
7.90
8.90
60.63
9.99
6.73
54.95
10.93
66.45
15.44
44.79
14.53
63.39
37.79
69.29
10.99
9.99
16.98
19.80
5.50
21.95
39.47
106.25
20.50
10.28
7.50
18.45
21.24
16.75
68.81
9.26
8.70
5.99
7.75
268.07
27.30
4.31
31.85
10.93
8.85
14.95
159
17.50
24.27
9.90
12.03
9.70
68.95
15.95
12.50
25.83
31.99
179
13.53
63.05
8.45
69.90
28.70
28.65
21.57
42.89
75
21.45
7.27
66.93
17.06
33.99
57.51
26.90
6.49
12.87
25.83
61.35
46.79
7
193.99
29.48
7.90
58.19
730.12
27.29
138.60
81.36
57.42
22
9.65
19.39
15.95
5.89
30.74
6.70
18.99
8.87
58
8.79
11.86
7.66
17.36
632.64
30.99
61.81
18.50
9.75
9.26
6.30
19.90
15.77
287.56
69.90
32.69
21
8.78
63.77
7.27
14.50
67.02
38.02
49.95
6.77
55
6.70
82.37
34.50
11.50
39
28.03
49.90
92.15
38.89
39.95
14.65
16.99
9.62
10.66
29.50
193.03
86.76
8.49
9.78
19.50
39
159.08
19.40
16.90
37.92
208.20
4.74
18.47
45.50
5.98
219.33
20.00
18.95
28.17
19.40
30.43
9.59
17.74
25.80
28.95
18.30
9.90
15.18
26.20
6.32
39.50
11.50
11.90
68.14
12.55
7.60
13.15
20.29
17.95
49.95
64.95
7.02
13.99
6.50
35.84
25.90
116.95
14.36
6.20
17.50
19.95
25.24
43.77
34.50
31.90
48.55
13.53
10.50
17.74
17.50
385
32
7.90
26.89
17.99
149
23.88
9.85
129.95
22.99
22.32
19.90
14.53
8.50
5.90
72.13
9.95
19.45
18.50
23.25
14.04
10.90
5.95
19.50
19.50
54.95
68.92
9.99
34.02
14.62
4.30
15.95
47.95
22.50
8.29
19.85
10.80
15.13
8.75
45
6.54
12.60
39
22
8.66
12.28
17.50
6.95
15.50
7.90
28.17
16.55
28.35
8.33
24.74
17.06
12.94
23.95
14.52
34.89
23.65
11.95
29.89
49.95
19.20
48.37
6.99
12.28
34.07
8.90
20.27
16.48
13.55
42.50
17.45
18.90
96.85
30
23.29
11.02
19.45
33
15.69
38.70
166.45
9.95
23.18
77
102.41
1190
37.50
53.42
26.09
35.97
7.50
9.50
49.50
15.51
6.69
11.90
20.17
15.50
19.49
5.50
24.49
65
65
33
28.95
16.99
38.01
7.36
12.52
59
8.19
45.29
9.40
22.37
8.80
35
11.49
10.69
19.95
44.95
23.34
11.70
4.95
23.23
16.36
64.21
47.69
41.71
22.90
32.07
8.33
9.90
35.99
12.95
14.62
12.18
7.27
12.25
169
8.90
99
96.95
7.96
5.49
51.41
6.68
9.50
349
14.29
9.23
16.47
9.25
72.75
21.93
12.99
25.50
9.95
25.13
11.44
10.50
17.50
14.90
36
9.50
13.45
564.40
24.57
8.90
26.90
19.50
5.79
189
24.59
33.63
13.16
10.75
34.99
24.85
11
6.45
63.26
18.50
17
8.19
36
44.95
8.69
6
15.90
19.40
15.11
16.73
106.70
28.99
101.50
18.41
40.26
11.90
56
13.95
6.72
25.45
6.97
6.50
11.60
37.30
5.72
5.99
32
16.95
22.50
5.14
44.90
39.95
67.30
9.99
15.90
14.90
6.30
27.50
70.19
79.34
13.90
38.02
43.60
10.25
25.90
8.99
33.59
355.80
21.63
13.80
12.66
14.63
94.95
8.90
17.79
115
49.95
46.29
10.23
121.75
62.88
16.95
34.02
16.47
63.05
10.91
13.95
22.90
7.90
14.50
18.50
31.57
8.29
17.29
83.16
11.89
12.59
16.39
47.77
37.95
8.97
15.20
111.55
17.79
10.42
7.85
79.34
45.69
22.09
38.95
29.47
23.70
13.99
37.95
55
8.95
8.68
8.50
35.74
56.05
14.06
9.65
12.99
9.74
14.06
14.47
9.50
37.60
37.50
8.59
12.50
10.90
112.16
7.65
11.89
5.99
19.39
12.50
26.27
25.90
7.63
184.23
27.95
11.90
53.35
10.50
12.57
94.24
24.73
48.64
6.40
11.95
42.79
11.98
6.12
12.62
39.85
11.65
3.70
11.02
582.93
44.85
46.79
22.50
20.61
102.35
10.90
5.65
26.90
29.90
5.72
23.29
38.80
6.99
7.42
5.79
23.40
11.60
5.90
19.75
11.99
26.85
39
10
9.70
16.60
19.35
10.75
11.60
44.52
8.69
11.70
15.90
16.95
16.95
24.70
13.69
12.49
9.50
19.90
8.31
16.90
7.68
28.49
15.16
39
84.09
41.90
19.99
66.99
29.05
7.60
42.90
7.98
18.52
46.30
7.30
9.50
83
13.95
21.90
35
45.72
96.03
18.95
22
18.42
24.90
12.45
23.65
44.73
11.45
77.88
40.09
179.36
12.58
58.44
26.22
13.90
87
16.75
6.50
58.39
6.39
48.31
15.84
14.50
72.70
7.99
58.10
96.50
4.45
9.65
209
14.50
7.83
40.94
5.90
46.75
6.95
8.11
22.90
7.70
8.19
25.13
6.21
11.65
14.16
20.97
29.28
17.06
26.39
11.60
21.95
86
19.99
19.90
47.66
7.95
46.90
38
9.26
5.25
11.01
9.37
9.75
7.87
17
13.09
12.70
93.45
18.47
75.95
6.58
135
41.91
6.69
27.95
7.58
6.73
125
17.90
8.68
9.95
6.97
16.95
103.98
13.21
14.52
5.84
25.25
9.95
7.71
13.99
73.01
11.70
89.95
65
8.58
72
13.45
16.74
12.57
18.95
6.32
165.71
9.95
18.80
10.51
14.50
34
58
60.31
22.80
15.50
12.60
14.50
21.45
10.39
12.70
14.90
33.89
20.89
10.42
18.90
13.40
27.95
14.90
10.90
5.80
33.99
12.19
55.95
35.09
38.90
14.50
39.95
73.06
15.90
12.52
7.95
10.35
5.95
27.90
9.89
7.66
59.63
12.25
67.36
70.19
12.13
17.90
63.05
109
29.90
33.90
12.89
59
16.50
15.23
12.75
13.95
22.90
30.12
95
9.99
7.22
34.73
14.21
6.90
14.36
6.50
23.88
11.21
85.29
16.50
24.80
8.68
21.99
7.20
79.68
10.42
131.58
13.26
35.97
26.50
41.95
5.95
14.13
14.13
14.52
209
54.95
9.79
19.95
25.83
154.99
26.70
29.13
67.26
8.78
16.66
89.42
75
7.35
7.21
12.99
38.01
7
36.90
88.95
17.06
17.45
190.09
26.99
15.69
17.45
73.90
11.17
103.98
17.29
34.91
19.45
19.40
11.90
72.54
7.99
16.07
29.90
37.04
14.73
124.95
10.46
8.68
158.95
13.60
9.90
66.93
14.95
17.79
56.87
9.90
13.89
42.90
11.90
6.90
56.54
7.80
6.95
26.81
10.66
13.25
36.37
7.95
8.40
7.41
8.40
10.90
10.93
9.50
5.62
16.90
28.60
38.95
9.05
5.75
15.50
9.95
7.60
53.58
34.65
31.19
7.60
149
8.99
16.59
7.60
291.46
219.95
8.45
23.30
57.89
8.21
38.99
10.90
10.79
21.25
33.85
12.86
32.90
97.04
5.32
14.52
12.60
5.81
7.89
10.60
8.90
7.50
25.29
8.25
89
15.55
10.75
23.10
17.78
8.72
12.57
26.90
31.90
5.70
34.12
8.95
18.40
7.90
7.90
11.90
12.60
19.47
13.95
23.18
6.90
4.50
15.27
428.65
38.70
13.34
27.04
27.50
31.50
87.95
35.95
23.75
18.90
13.45
21.15
6.50
174.49
18.50
7.65
9.70
6.31
15.60
20.50
14.32
28.76
154.99
6.50
16.39
24.17
10.90
12.50
54
38.89
10.70
7.80
632.64
24
79.95
106.89
14.52
29.19
20.20
44.84
11.54
22.99
29.95
33.95
13.09
8.90
377.33
25.49
125.26
5.30
55
82.45
53.35
13.90
6.81
105.73
16.55
14.46
22.22
42.89
51.58
8.78
6.77
8.29
38.50
48
26.27
17
19.90
8.92
163.93
9.50
6.77
15.90
9.26
120
17.50
11.40
19.90
41.49
12.14
7.95
66.29
8.69
69.95
9.34
8.90
14.43
10.95
8.49
10.63
5.25
38.90
49.90
43.85
8.68
463.03
113.39
9.37
36.50
14.35
7.31
35
7.75
10.28
8.37
6.63
12.10
6.66
5.75
6.49
57.51
64.24
68
5.79
14.52
8.29
29.90
59
7.60
15.01
34.12
7.26
49
8.50
12.58
13.15
6.73
29.90
13.50
16.95
19.90
13.26
4.67
24.19
11.51
36.15
9.75
21.90
79.68
76.32
21.39
28.06
4.90
15.90
7.95
80.24
16.29
25.95
32.95
39.90
7.26
14.95
35.09
31.95
50.95
12.99
17.50
39.95
387.97
26.55
65
6.90
36.94
7.75
16.69
8.95
9.79
15.99
24.27
42.89
21.55
48.55
15.90
15.74
10.57
13.37
13.50
65
106.25
6.81
7.95
16.47
20.29
6.97
159.95
10.89
7.45
12.50
20.54
21.90
57.51
17.89
13.20
75.06
149.95
10.90
126.24
13.44
9.90
25.39
6.50
8.69
9.69
17.90
20.95
8.47
13.50
12.14
14.70
6.96
11.90
7.50
8.60
6.07
31.57
79.90
16.46
23.23
32.85
9.75
32.12
38.02
22.91
39.95
14.23
26.21
82.86
17.79
22.70
9.49
11.94
10.91
42.47
155.48
13.54
24.50
68.23
39.95
38.02
38.16
9.95
58.44
95.53
16.90
9.82
7.60
29.89
7.90
7.90
15.90
9.90
15.95
21.50
7.90
21.99
7.95
7.90
21.40
16.08
12.90
4.99
4.99
9.37
9.12
47.50
47.50
19.95
55.71
7.63
31.19
30.99
28.76
10.95
8.15
7.70
7.70
13.60
28.49
8.40
23.88
29.80
14.89
9.68
7.27
8.49
12.30
8.68
8.68
6.29
6.25
8.95
14.90
12.40
37.53
6.24
40.26
14.90
19.30
14.90
6.95
14.85
33.90
72.59
25.20
36.74
14.80
57.70
10.51
67.42
25.90
9.99
6.44
9.65
6.70
10
7.40
8.49
7.50
31.95
27.29
7.50
5.75
6.21
37.63
70.30
12.69
86.98
23.29
10.80
23.20
5.16
9.35
10.47
20.95
29.50
20.15
5.95
14.90
10.41
12.46
11.95
26.14
16.08
27.59
9.50
27.25
8.49
689.95
5.75
28.08
111.55
8.49
44.36
4.79
17.49
18.42
12.50
56.54
44
348.98
9.19
19.31
18.42
64.95
85
18.86
60.08
42
67.26
7.27
29.90
16.90
75
17.95
66.65
399.95
13.78
30.81
8.72
8.89
7.99
9.90
29.90
75.95
6.73
11.92
10.75
23.50
47.77
11.37
7.75
13.50
65.95
10.66
9.88
9.37
6.50
21.99
10.43
7.35
52.64
124.70
7.44
16.96
12
129.95
19.90
29.50
21.60
5.81
49
129
10.32
23.29
39
17.74
16.47
6.95
46.79
5.29
20.86
22.65
368.47
24.49
28.62
42.90
26.90
182.42
39.95
16.90
10.29
28.16
116
11.95
29.15
11.95
12.50
17.06
22.90
339.95
48.90
27.20
174.49
6.90
48.54
43
99.91
10.63
11.65
66.93
14.45
14.13
59.96
8.72
37
13.55
67.26
38.70
8.95
34.12
31.40
31.23
33.63
33.25
14.75
15.51
8.95
38.02
9.45
77.47
13.90
13.90
9.50
14.60
59.90
8.29
13.90
9.56
9.24
17.95
49.95
17.25
72.40
60.44
5.90
89
73.11
11.65
16.85
6.84
82.45
18.90
18.35
9.94
8.99
10.51
32.50
10.90
23.15
15.78
15.99
10.51
117.42
13.68
25.24
8.90
34.95
99.95
12.45
11.60
4.83
22.22
8.49
6.95
7.99
6.50
32.52
6.75
14.57
32.90
33.59
70.72
13.45
29.90
5.74
47.87
38.94
42.89
49.88
9.08
9.95
7.31
46.30
25.50
27.25
36.83
16.90
10.49
21.95
10.95
63.05
5.36
11.19
89.95
60.75
16.74
17.75
11.90
10.90
32.12
17.50
37.04
193.03
33.14
9.95
16.50
8.55
27.96
16.47
77.01
9.26
11.69
17.90
5.95
13.60
9.65
20.99
69.26
15.54
77.01
12.95
5.62
49.60
52.30
10.68
13.91
43.87
8.95
24.49
25
258.32
251.23
21.55
11.19
5.62
18.99
9.90
12.87
8.89
54.95
73.59
9.74
8.45
7.89
13.09
5.38
24.10
28.90
8.54
68.14
7.75
96.50
6.54
13.02
6.90
15.30
73.01
14.20
15.50
6.73
57.95
5.49
12.99
43.82
13.95
96.51
15.50
14.70
48.45
5.95
11.95
48.69
19.95
10.35
23.15
9.75
28.72
32.95
13.79
12.50
38.54
10.39
12.49
14.13
9.89
7.90
19.87
11.50
89.95
13.65
11.25
100
8.33
9.79
9.12
13.50
49
15.90
46.84
31.95
41.90
38.89
18.42
409.42
15.90
16.95
23.23
8.95
43.77
11.50
22.50
26.09
11.50
72.06
17.95
7.27
10.80
7.27
59.46
18.90
15.69
10.99
18.90
9.90
189.95
24.14
75.78
10.75
12.42
9.90
10.95
107.45
16.90
5.50
6.50
21.90
22
8.50
21.63
45
81.58
50
27.29
22.99
36.56
38.89
34.02
45.84
36.90
12.79
6.15
5.75
17.06
16.08
35.09
9.99
672.60
36.56
4.25
7.44
14.73
95.29
17.95
16.90
13.90
12.25
37.99
26.50
10.95
49.90
8.95
10.40
22.50
5.90
20.90
14.90
13.50
116
12.90
22.50
484.03
18.90
8.95
79.90
5.95
333.50
5.95
17.50
13.90
9.50
16.46
25.57
7.30
8.95
16.85
63.92
15.89
15.90
10.20
66.95
57.22
49.95
23.50
23.29
14.90
8.79
10.94
69.95
29.50
29
13.95
8.90
23.39
13.48
31.10
55.15
46.30
8.78
31.57
16.76
9.49
73.11
8.99
25.50
13.16
50.69
39.50
38.89
22.90
46
14.72
56.54
73.06
14.95
26.90
17.95
14
11.90
49.90
18.42
8.25
75
31.59
37.92
16.90
20.93
8.41
7.90
24.86
1197.90
82.37
36.83
18.52
15.23
15.50
15.42
94.95
4.70
6.95
9.65
22.37
16.90
39.79
7.45
28.09
17.50
11.99
8.69
49
44.62
20.49
72.62
193.99
26.81
7.70
60.44
8.57
66.95
89.47
8.11
6.70
24.01
27.78
25.90
110.75
30.73
32.90
56.95
14.89
9.36
7.60
12.19
77.50
8.24
89.95
92.12
17.06
11.49
43.83
9.50
5.16
11.50
28.47
38.50
11.50
34.12
36.50
7.45
59.95
21.50
34.82
38.01
57.72
10.93
55
86.62
54.73
13.37
9.55
13.80
29.99
20.19
16.95
10.23
185.95
16.95
31.53
33.89
173.63
5.43
31.57
15.99
14.57
49.50
44.99
21.57
8.95
144.95
49.95
13.89
16.90
34.73
67.75
18.90
10.90
8.94
34.64
14.08
28.95
10.50
9.50
170.59
49.02
10.85
7.29
15.90
35
43.87
8.20
13.57
28.92
48.40
6.45
7.31
19.50
7.19
320
6.20
43.69
79
8.69
8.20
11.90
23.99
38.94
5.99
14.19
498.95
51.23
9.50
50.39
6.45
13.38
11.60
17.54
9.50
7.29
67.27
33.14
13.93
16.90
7.70
9.45
18.89
29.05
17.50
21.45
8.40
16.39
18.32
7.70
13.50
10.51
30.95
8.48
46.75
11.60
25.15
30.45
8.50
14.95
38.50
4.78
9.75
18.60
6.51
7.70
7.35
6.05
7.89
19.90
16.95
8.53
27.78
189.15
16.09
57.51
17.36
18.21
9.74
14.54
19.90
5.79
10.50
39.90
9.50
63.90
33.25
6.62
49.50
7.75
11.36
7.77
8.71
14.52
6.90
6.90
22.94
16.55
17.79
44.61
16.75
24.74
19.50
15.50
18.95
6.39
47.95
22.42
40.25
10.62
34.90
7.60
20.50
7.49
19.45
23.90
169
7.90
7.27
20.67
10.50
7.95
8.92
11.90
53.35
33.59
14.27
44.57
16.40
7.06
10.51
17.90
15.54
19.99
101.63
13.50
229
9.90
4.55
193.01
130.97
9.95
5.95
33.94
15.90
13.49
19.42
10.90
11.90
383.15
11.85
64.33
52.87
5.50
21.55
15.95
22.90
8.32
55.85
41.26
13.95
5.90
24.95
7.95
38.96
12.49
125.27
34.02
10.25
1266.25
19.45
14.38
9.90
9.90
34.95
9.83
8.65
8.50
116.49
5.80
12.95
12.19
14.90
179
99.95
82.86
23.88
16.08
28.76
43.90
19
79.95
15.95
7.70
5.85
34.02
34.90
29.19
19.99
11.90
53.52
11.23
11.65
16.60
11.65
6.83
15.90
38
59.74
6.31
6.78
484.03
27.89
8.80
16.47
27
13.50
131.92
87.90
27.50
63
86.76
25.35
35.57
21.95
16.95
15.28
86.33
9.50
43.87
35.09
24.27
7.75
13.42
29.90
14.32
24.10
21.34
42.90
11.45
107.23
13.99
8.90
15.11
165
37.82
18.06
12.37
17.99
14.54
29.49
12.62
12.59
109
17.06
7.60
13.50
35.90
9.50
15.90
55.79
39.95
16.50
8.72
28.90
15.84
32
20.90
16.47
55
44.95
34.40
63.36
31.19
22.47
14.80
64.02
63.49
27.15
67.26
6.25
44.90
5.75
5.65
26.21
22.22
12
208.55
56.54
15.90
10.45
11.90
18.79
21.55
31.96
13.50
58
31.95
96.99
11.70
9.99
5.89
32.99
20.90
12.45
6.49
14.52
19.95
5.39
33.42
19.98
7.20
286.15
9.99
27
96.65
9.12
14.57
15.19
18.34
22.91
33.25
10.23
19.50
13.25
10.85
208.44
4.69
21.45
8.90
6.35
6.23
8.67
49.95
54.95
17.79
11.20
14.50
40.95
6.85
18.90
36.85
38.90
6.44
19.30
8.72
19.50
13.95
10.28
16.38
54.25
28.66
6.45
32.07
6.99
26.90
10.09
19
56.05
13.60
8.73
53.52
12.95
7.13
29.43
10.50
96.50
33.63
13.25
7.19
11.95
18.33
43.77
43.77
6.90
48.55
72.65
16.39
329
35.95
31.96
38.58
28.18
7.45
6.58
16.39
38.91
12.90
8.99
56.95
6.21
14.61
6.75
9.89
5.50
15.59
18.19
12.90
5.79
42.89
46.95
8.41
279.95
13.60
16.50
12.10
13.69
21.45
4.47
19.90
38.01
9.90
78.19
21.90
8.95
21.89
22.23
54.90
61.41
78
45
7.45
33.73
25.30
56.45
10.95
9.80
72.89
19.90
9.45
48.10
17.29
6.75
8.50
63.66
83.15
12.48
10.51
26.99
22.22
6.39
38.80
115.43
12.57
22.59
7.90
36.55
9.21
166.45
4.30
18.73
8.17
8.32
15.95
18.95
16.56
84.27
11.21
10.42
42.89
14.90
20.96
36
28.09
32.90
5.50
4.99
7.90
17
29.15
6.80
40.98
6.88
15.11
6.69
18.25
18.87
19.90
16.90
7.50
17.74
24.37
185
12.51
480
34.02
24.73
18.90
204.74
21.63
14.29
6.05
31.90
9.65
12.18
26.09
7.70
26.81
25.13
13.99
17.99
11
28.03
15.33
15.38
29.95
6.09
39.36
35.70
18.84
23.95
7.79
17.40
38.94
19.95
21.05
8.70
24.90
21.45
82.86
67.26
4.85
13.90
11.36
13.95
15.79
9.95
8.70
180.35
48.40
11.50
7.60
181.75
11.60
19.90
6.77
5.30
12.25
6.21
6.80
11.30
10.63
193.99
6.75
15.50
96.03
9.51
20.75
7.55
13.90
24.28
20.90
15.40
174.49
34.95
29.95
24.37
15.95
172
126.38
17.45
6.73
23.90
37.97
24.95
575.13
12.18
49.95
9.70
13.99
112
69.82
19.64
49.90
25.34
38.94
83.15
18.49
10.50
49
39.90
15.69
13.90
9.40
193.03
24.90
25.15
15.10
160.84
15.55
10.99
10.49
43.90
38.94
15.50
14.52
209.90
10.90
19.95
11.83
72
8.72
19.99
9.95
27.68
22.80
25.71
7.90
42.50
43.67
4.90
21.10
11.89
13.43
7.50
13.55
9.99
20.90
5.95
35.46
63.22
25.50
15.50
31.19
7.66
22.78
5.95
20.47
17.44
15.39
29.95
15.80
16.99
4.86
16.47
18.50
13.55
13.49
39.87
8.45
15.95
27.99
6.77
22.32
8.29
33.05
13.48
7.96
63.36
44.62
7.66
15.19
42.89
13.50
5.75
17.45
16.25
16.32
35.50
38.89
10.60
12.90
29.29
163.93
45.95
18.97
9.50
21.39
20.10
21.39
5.65
14.99
27.06
7.21
10.90
19.45
14.99
11.51
126.74
24.90
27
252.10
7
17.50
117.87
241.53
9.50
49.95
5.90
12.09
7.32
170.59
6.02
8.24
9.50
10.95
19.30
20.75
11.95
8.29
18.79
12.53
4.99
76.99
18.83
7.70
20.37
79
68.14
16.59
41.87
17.18
23.08
10.54
173.63
45
15.95
4.85
17.50
13.16
39.90
43.28
19.40
36.11
22.50
32.90
18.20
33.13
19.40
10.62
10.67
15.95
354.05
5.75
18.50
6.90
7.90
22.45
7.80
6.90
19.30
26.50
10.35
13.47
36.76
29.90
56.44
7.27
62.38
9.90
8.10
102.35
20.76
37.95
49.95
15.79
105.28
13.04
36.95
10.57
24.30
8.87
22.23
9.65
38.79
88.42
7.62
48.90
19.53
47.98
10.90
11.05
8.29
8.72
23.95
96.50
11.43
11.50
44.20
79.50
11.95
7.85
7.78
6.73
12.38
78.49
14.13
37.92
5.75
15.50
16.95
15.26
26.61
21.90
6.40
18.90
16.47
6.45
63.15
190.08
14.95
170.59
34.02
6.50
14.50
34.02
5.79
53.61
16.56
4.92
16.77
12.50
12.19
16.35
19.40
17.99
42.50
42
16.96
26.92
17.95
955.30
19.30
36.33
20.96
42.50
20.47
289.95
16.87
63.26
50.11
6.99
38.50
14.94
6.75
55.10
6.30
47.53
68.04
77.01
57.51
20.90
30.95
10.69
15.90
27.75
6.69
11.65
35.09
10.42
28.07
19.95
43.82
21.85
5.95
22.22
39.90
6.31
34.32
69.95
22
7.99
23.29
7.32
19.31
54.25
9.85
10.10
49.95
10.42
11.69
49.88
17.90
26.50
17.50
27.71
27.82
28.31
29.95
15.37
31.85
32.65
34.02
14.17
13.82
13.60
19.30
13
12.87
12.62
12.52
19.45
10.83
49.90
9.65
48.64
22.20
63.96
8.99
8.69
7.85
8.63
222.13
8.55
8.53
22.22
5.19
6.73
9.26
439.95
9.26
89
4.44
69
8.45
5.95
8.09
257.35
167.95
7.25
4.75
8.95
8.49
38.95
9.70
86.33
15.45
20.76
29.90
9.90
35.90
19.95
36.33
16.21
34.99
138.95
5.75
43.50
12.57
45.95
15.05
16.59
31.19
17.79
9.95
39.90
13.55
8.10
48.40
32
17.50
7.89
26
155
62.90
16.75
96.52
8.25
55
82.86
18.95
11.50
51.15
22.89
12.95
77.50
13.42
19.30
92
12.45
6.77
95.53
11.74
19.29
6.73
14.90
11.90
11.90
79.95
15
21.29
7.40
32.07
13.90
33.80
12.49
36.50
31.02
69
21.93
212.92
8.72
59
9.40
21.50
67.60
50.47
16.21
232.98
10
22
18.50
10.23
16.90
31.48
10.99
15.40
19.95
17.35
9.37
9.37
23.90
47.77
31.09
27.20
24.50
9.26
7
8.50
137.81
316.95
17.50
18.86
36.45
47.53
23.90
41.92
9.70
109.95
18.20
19.30
12.62
19.35
35.09
18.79
27.82
24.27
35.77
17.89
67.80
6.97
24.99
19.50
31.90
12.60
8.61
31.90
23.29
6.33
10.50
29.50
11.95
24.75
5.51
27.90
6.33
25.85
42.50
47.77
31.10
46.79
163.93
16.48
21.90
12.18
18.95
28.01
31.59
48.90
28.90
9.75
19.79
19.95
17.29
9
24.90
16.76
14.95
11.95
5.69
8.24
7.90
30
21.04
29.50
69.95
13.35
16.90
29.90
22.49
35.90
4.73
96.03
119.95
48.64
19.30
17.90
38.02
49.95
12.90
29.95
53.29
12.87
6.75
15.50
6.49
28.50
21.50
9.37
9.23
18.42
9.37
12.99
74
54.81
18.51
18.90
27.50
28.95
15.50
17.95
22.21
11.20
6.63
57.89
34.12
8.99
6.83
9.65
48.64
7.40
47.95
48.25
17.63
40
14.75
19.77
279
15.90
13.49
51.90
20.76
49.95
5.82
6.90
9.95
9.90
5.53
57.05
26.69
9.65
9.51
9.40
9.39
10.08
68.14
48.55
28.50
14.70
86
33.14
14.52
33.50
12.19
14.50
6.50
39.95
13.90
13.90
37.99
7.40
7.25
13.15
110.25
12.49
42.01
6.50
11.65
8.70
49.44
49
8.69
15.95
5.95
193.03
15.90
187.95
6.09
8.50
10.95
45.77
31.90
11.50
8.20
11.60
68.33
9.31
3.55
23.79
24.69
22.80
23.90
21.57
19.90
18.50
18.38
8.50
7.90
8.68
22.90
7.02
52.46
9.90
77.01
18.90
125.13
12.49
10.85
47.77
6.95
6.09
12.63
52.78
60.84
18.03
12.59
23.15
6.58
15.90
6.33
9.70
9.17
21.57
369
10.90
15.90
36.95
38.94
125
17.90
5.75
6.88
16.08
53.51
29.95
29.90
20.19
7.63
52.50
36.75
29.47
5.75
49.95
37.43
10.42
10.50
13.49
9.90
15.50
9.72
14.72
145.50
68.14
33.90
6.33
14.09
8.60
9.49
6.25
21.90
9.50
9.55
34.95
74.30
17.06
57.51
190.09
23.25
9.65
17.29
7.90
55
9.50
18.79
17.90
38.30
12.90
19.40
18
11.95
10.90
12.79
5.29
11.95
12.41
26.32
19.39
12.62
4.95
12.57
12.13
44.84
43
12.50
11.55
11.60
68.92
289.90
45.95
27
23.20
24.20
106.70
23.85
9.95
13.50
6.42
36.99
16
112.10
8.95
18.99
24.90
8.48
14.63
18.92
9.95
9.62
74
7.95
47.53
24.30
43.90
38.94
1399
19.30
8.40
15.89
38.99
12.70
50.85
18.33
25.34
7.24
86.76
46.69
61.05
16.68
23
18.42
23.50
167.59
15.98
75
13.99
15.90
9.50
75
22
11.60
64
15.30
14.38
67.26
30.47
6.77
11.90
10.63
14.95
12.41
319.55
5.54
7.99
70.19
23.06
25.99
63.36
34.90
7.10
26.48
13.53
27.20
26.90
26.23
5.95
9.73
41.91
25.90
46.77
5.33
19
5.94
12.65
9.56
224.89
13.50
9.90
9.50
7.60
5.80
19.95
13.44
31.48
139.95
24
34.89
7.75
43.82
5.99
82
9.98
14.06
131.60
13.16
11.89
44.50
17.36
19.60
6.78
6.58
18.99
6.03
135.50
33.90
71.15
13.49
13.95
7.08
71.17
119
9.99
339.95
124.95
9.99
87.20
79.95
6.73
15.90
39.99
6.95
12.19
12.10
7.30
12.32
15.65
7.02
81.58
22.69
80.15
7.79
31.19
7.75
29.15
94.95
18.90
29.90
76.09
7.70
89.68
298
6.33
18.91
56.95
35.09
11.75
10.90
9.85
5.95
53.71
9.90
5.36
9.99
26.32
21.60
17.50
5.50
48.55
10.67
37.45
37.45
49.95
13.09
38.01
13.90
9.50
19.90
16.90
14.50
44.96
11.21
14.50
6.50
23
27.99
72.75
19.40
8.50
22.91
129.95
29.84
13.90
26.90
52.12
8.28
25.78
34.82
38.70
21.40
34.54
38.02
29.15
13.25
64
13.90
29.50
12.58
15.27
13.15
7.50
46.30
95.43
9.75
154.99
12.90
14.13
33.81
10.89
33.69
59
11.02
81.58
34
41.60
6.90
5.53
38.89
12.49
7.90
14.57
15.67
9.70
20.37
18.84
12.67
89.95
9.85
15.11
90.20
31.40
16.44
49.90
18.84
35.99
27.15
11.21
35.27
26.05
15.50
179.95
86.73
15.85
28.76
37.90
30
50.69
6.90
10.95
36.95
10
17.79
7.75
5.75
47.99
53.35
5.35
19.30
13.90
31.48
8.37
63.95
9.40
4.50
135.50
21.24
14.90
14.40
18
29.15
12.48
12.14
9.45
29.28
16.62
45
37.90
17.45
11.27
69.26
299.95
24.86
79.95
12.60
12.90
36.06
28.49
10.15
10.47
24.27
17.95
22.90
18.24
18.50
7.88
66.93
66.28
49.90
4.89
799.95
87.24
10.01
16.90
12.10
19.70
36.06
33
165.23
14.27
49.95
89.95
9.49
8.29
18.95
414.95
22.90
24.89
34.50
32.90
14.84
16.48
61.98
9.90
67.26
8.06
13.90
53.51
13.55
24.50
116.08
54
9
8.90
8.55
9.78
36.90
23.06
33.68
13.64
14.52
17.38
34.90
8.68
39.15
6.99
25.99
25.99
44.74
4.86
12.75
38.60
7.44
19.49
44.91
24
16.38
12.99
17.95
25.90
12.18
12
22.39
67.95
82.37
6.83
22.90
47.99
84.11
14.06
35.95
21.90
24.50
39.95
16.31
53.25
24.15
17.50
7.50
44.62
9.50
8.39
77.01
5.79
23
9.50
101.05
15
22.50
13.90
6.73
42
7.70
5.33
11.16
6.45
10.15
14.57
21.90
14.95
20.75
63.15
6.65
14.50
19.91
40.34
56.90
14.73
18.42
59.90
68.03
9.49
12.50
19.95
8.40
8.44
16.90
99
40.96
27.70
20.81
25.24
9.23
24.75
8.50
8.90
6
17.49
6.90
13.50
10.90
10.86
5.33
46.50
17.90
118.80
13.19
17.40
35.65
18.27
9.99
12.62
10
10.69
36.74
50.56
35.50
5.36
21.16
86.76
169
94.24
6
17.75
10.53
15.90
15.49
16.08
10.71
15.90
19.90
50.33
36.76
17.44
31.96
119.95
14.38
139.40
13.90
15.90
25.90
7.90
6.34
25.12
12.41
29.90
25.79
48.64
16.55
32.50
55.99
28.49
45.74
41.99
61.41
24.27
79.89
19.99
13.16
37.97
41.92
40.59
8.72
6.50
37
9.70
19.30
24.63
11.46
11.19
11.47
9.90
10.95
6.32
13.55
17.50
9.25
44.90
10
38.02
24.49
14.45
8.96
24.18
8.90
34.02
49.50
32.95
8.20
7.32
82.32
96.50
20.67
7.45
16.50
21.34
22.42
8.33
32.90
92.15
29.99
77.50
7.75
80
6.95
17.59
16.39
81.58
333.50
34.82
9.99
52
27.71
124.77
13.10
18.14
13.90
17.29
10.90
21.90
76.53
7.19
53.13
86.76
13.70
37.90
27.79
154
5.65
7.85
12
75.95
8.50
89
16.95
11.54
219.95
7.80
38.94
31.10
6.72
22.99
18.15
16.90
9.26
8.72
36.56
8.75
27.55
52.90
19.80
34.73
13
7.55
4.28
8.70
20.75
26.95
109.39
15
7.70
36
20.53
7.36
14.90
21.35
42.89
25.02
165
35.95
10.90
12.05
54.95
15.98
12.98
45
19.45
31.57
53
38.89
14.29
29.19
9.65
20.96
33.90
15.59
9.21
12.46
15.95
21.90
6.50
41.92
9.90
7.99
472.77
24.50
6.31
14.13
8.21
24.90
35.90
10.95
8.41
12.62
37.04
12.12
41.43
10.51
39.95
10.51
15.50
85.90
39.50
7.60
6.50
58
27.50
48.40
72.13
14.50
41.61
15.50
17.54
5.74
10.90
7.90
12
13.84
13.85
29.90
38.79
9.21
47.40
13.15
20.36
160.84
20.43
6.20
23.95
119.95
39.95
329
6.53
13.60
7.22
23.90
20.75
6.75
29.95
8.49
5.46
14.73
27.30
20.95
13.26
49.95
12.40
19.31
10.01
52
18.90
13.01
31.95
49.95
17.30
17.99
965.15
6.20
4.90
11.45
9.65
16.27
17.95
9.70
9.99
11.90
65.17
16.70
21.90
15.94
12.48
66.20
17.90
29.90
9.90
47.77
12.90
19.90
23.79
13.15
36.99
129.01
10.65
8.80
20.67
35.90
11.90
6.75
12.62
48.95
13.90
11.40
8.68
8.31
26.99
19.40
5.95
89.95
19.47
17.90
57.89
16.50
37.95
8.29
17.90
9.95
57.51
36.74
5.99
39.90
9.90
13.50
75.98
5.81
63.05
7.31
6.54
33.85
42.89
35.90
14.50
68.81
19.40
32.95
299
7.99
10.50
9.90
8.49
8.90
27.24
10.95
7.89
1049.95
54.14
7.66
14.95
10.62
24.50
7.75
16.50
9.90
10.50
17.50
10.50
13.25
43.95
29
45.72
7.60
16.90
15.95
7.50
7.36
13.98
66.79
72.14
7.49
22.90
484.03
15.95
11.50
6.49
125
11.90
11.60
43.17
11.50
5.25
568.40
13.79
79
29.05
10.75
98.42
29.90
17.76
22.99
13.80
22.91
5.99
7.64
40.94
12.57
18.81
6.77
14.52
19.50
14.50
92
8.49
9.90
63.90
9.64
34.85
25.10
15.47
38.89
31.97
11.50
27.15
7.50
15.50
77.01
51.23
17.91
46.95
20.29
16.97
10.90
14.90
30.50
8.90
13.55
54.95
13.43
9.25
379
7.10
14.50
19.70
43.50
48.72
18.80
42.14
3.79
23.75
24.27
29
11.50
14.84
59
15.60
14.09
20.53
27.06
13.57
8.33
13.90
16.95
15.16
14.52
116
225.32
16.50
71.95
21.45
17.06
35.09
18.50
22.90
86.76
27.43
31.50
47.77
109.95
55.08
15.70
28.99
13.95
565.38
12.14
98
110.75
16.08
11.21
23.19
41.92
34.95
28.80
19.90
57.90
14.52
62.57
17.90
75
24.90
77.50
28.27
5.85
10.80
48.02
29.90
106.25
34.80
17.90
11.36
24
12.25
15.79
7.28
19.90
29.95
10.43
7.25
28.90
19.42
99.95
37.47
29.85
105.17
36.95
7.21
379.95
29.95
17.45
12.90
96.51
13.79
10.15
19.26
14.90
31.97
8.68
21.25
6.33
53.90
8.89
56.95
88.30
24.45
18.90
11.90
15.95
175.10
9.90
6.21
67.26
6.80
117.20
17.75
108.57
65
32.19
10.90
19.47
17.29
82.86
48.74
42.89
21.45
44.14
46.32
73.11
42.62
275
21.90
30.95
18.49
6.89
33.62
19
14.90
6.25
11.02
8.30
14.38
12.49
32.35
34.90
25.30
9.17
11.19
179
60.63
8.39
9.46
59.50
4.65
30
58
9.90
7.90
27.20
7.75
84.27
13.09
9.70
82.86
22.32
19.30
77.88
57.23
10.50
189.15
6.81
27.04
109.95
27
10.71
369
32.45
12.45
16.40
199
19.90
173.31
77.50
34.90
14.72
65.79
49.77
5.90
10.45
8.45
14.80
17.90
7.63
8.72
214.90
19.40
116
19.90
8.63
109.95
25.50
75.27
84.16
8.99
5.70
17.50
39.98
11.95
17.59
21.88
11.17
26.70
44.80
4.95
252.47
119.66
21.20
13.50
7.95
16.90
10.19
53.30
10
69
25.90
66
8.50
68.39
52.12
49.95
42.01
12.31
72
27.90
38.90
63.90
35.58
16.95
9.46
196.19
39.50
11.45
5.35
17.90
45.18
24.26
23.20
35.68
61.92
19.40
10.99
10.90
12.99
34.95
59
48.76
13.60
15.95
24.95
5.90
7.19
6.45
20.89
10.38
34.40
15.90
26.90
68.32
72.60
24.89
39.90
18.42
65.17
5.21
8.72
59
10.95
15.61
7.89
16.90
13.09
8.90
32.88
13.55
249
7.95
43.77
19.90
9.60
9.20
19.95
49.95
229.95
7.95
69
9.26
118.09
51.34
10.70
59.95
154.23
72.75
149
21.63
439.95
9.80
5.40
89.90
7.98
21.90
12.14
18.95
33.16
33.14
33.05
36.95
32.50
17.61
14.99
15
18.41
29.50
29.05
38.95
18.50
16.70
34.02
25.99
12.55
13.90
14
35.26
12.19
37.35
14.95
21.45
193.01
29.15
39.50
27.43
8.37
15.76
38.57
12.90
866.59
7.50
78.95
16.77
8.68
24.01
8.72
341.17
208.70
106.74
9.50
77.55
11.20
27.25
25.71
32.41
11.90
99.90
24.20
33.95
29.90
115.70
7.60
69.48
5.49
5.90
17.07
95.53
63.07
11.80
10.90
4.90
96.50
12.87
82.37
15.65
23.90
12.14
5.95
33
191.50
12.25
20.95
13.20
47
25.99
154.01
21.21
16.29
27.99
39
18.95
23.40
28.90
11.19
28.49
34.11
13.68
92.95
28.25
82.86
17.59
10.45
15.75
16.09
10.50
83.60
21.36
29.90
22.32
38.89
28.09
9.50
6.83
28.70
22.30
16.48
35.09
9.70
39.50
13.79
34.10
7.75
12.78
34.15
9.37
23.34
9.90
68.90
9.50
52
14.90
32.67
34.71
57.88
8.50
10.30
77.01
15.39
10.50
15.60
13
24.33
15.90
7.32
16.17
32.06
10.50
19.90
40.39
11.50
25.90
19.40
12.49
17.90
39.90
21.58
18.42
6
18.03
486.60
41.28
74
7.89
8.72
55.95
19.45
3.99
7.90
6.95
21.39
19.45
43.90
12.98
48.64
29.20
35.55
8.99
19.40
119.95
13.60
965.15
145.24
14.90
68.14
14.45
115.03
24.90
65
29.95
36
15.69
11.90
14.50
37.92
67.26
6.97
5.75
8.72
13.09
10.19
17.50
29.90
32.99
75.94
11.95
21.50
95.53
19.40
47.95
13.36
22.50
35.97
193.99
15.50
39
9.74
59
6.62
6.73
9.37
58.39
27.36
6.51
40.85
28.62
7.45
68.95
7.90
8.90
15.11
6.95
15.89
17.50
32.90
9.74
12.03
7.89
26.80
13.45
13.90
8.32
42.50
75
90.47
30.70
56.16
60.44
11.89
58.95
15.79
11.76
25.47
7.85
48.74
15.99
79.49
11.46
32.14
17.36
10.80
17.36
162.90
5.80
13.76
9.60
39.58
7.66
91.25
77.01
12.56
208.20
10.90
7.90
5.74
18.03
44
8.50
21.66
17.95
36.50
85
53.34
8.90
46.31
20.99
17.95
18.99
9.99
27.28
23.02
33.99
16.94
9.50
64.49
11.50
178.80
9.50
14.49
6.33
11.15
26.61
33.20
72.73
10.95
24.34
14.50
7.95
8.89
39.95
19.95
156.17
28.90
179
730.12
30.50
50
9.90
99
19.90
11.95
17.55
8.99
18.97
8.99
8.60
8.95
32.30
9.90
15
19
58.10
33.90
74.75
17.90
8.90
37.04
52.50
24.88
20.47
9.50
9.26
9.75
8.70
14.50
7.70
12.49
15.90
6.88
6.88
21.50
43.51
88.95
154.23
11
39.90
10.67
14.90
6.41
68.55
32.36
9.65
11.75
19.49
38
8.75
13.82
14.63
25.24
15.89
6.77
27.71
15.40
19.99
18.97
4.95
279
212.43
42
8.70
6.33
6.31
23.40
7.66
8.50
10.90
17.90
15.30
10.15
7.32
8.41
20.27
16.47
85.27
25.50
16.90
25.10
16.90
4.45
15.75
29.95
68.90
28.26
129.01
6.75
62.95
9.25
12.95
42.90
9
14.99
95
8.85
12.60
6.30
16.90
16.90
19.45
13.57
13.50
9.90
9.40
27.90
12.53
57.95
112.10
17.06
37.90
14.45
58.44
9.26
43
24.95
8
26.21
13.43
11.48
13.37
7.75
16.90
7.96
12.99
8.90
28.95
6.99
99.53
55.19
28.83
33.90
15.65
6.09
28.50
5.76
120
6.75
14.13
13.60
22.99
9.60
9.90
5.50
29.95
13.83
18.80
18.42
7.58
75
9.65
11.95
14.95
12.90
89.95
11.48
11.90
7.31
8.71
16.38
11.95
109
59.74
13.95
21.33
67.26
24.32
390
29.39
13.57
41.43
8.10
37.85
5.75
118.90
17.25
54.70
6.57
28.90
8.68
35
8.45
8.95
5.95
43.65
12.20
57.51
46
13.57
49
21.51
95.53
170.59
28.27
8.40
18.84
6.75
12.03
19.30
60.63
10.90
22.90
6.90
12.90
41.49
144.53
84.38
13.90
26.90
7.45
191.50
18.47
7.75
77.88
37.97
22.64
9.65
164.74
96.50
10.62
7.99
53.50
13.45
22.50
8.72
77.50
53.61
7.36
4.95
11.90
43.90
18.88
29.90
10.51
48.95
36.74
64
43.99
6.86
17
21.90
7.26
19.50
6.05
6.73
6
5.70
45.90
10.50
14.09
25
6.55
5.82
11.50
42.95
35
11.02
35.90
46.79
10
20.90
17.90
36.95
52.15
29.90
5.95
104.95
67.80
15.38
24.20
7.45
9.95
12.90
33.90
38.41
26.81
24.17
18.84
8.95
37.92
45.90
10.23
13.80
12.42
16.45
29.90
19.98
195
18.08
13.15
5.25
23.15
9.50
10.99
339
24.91
57.28
14.95
15.47
6.33
7.23
29.95
19.95
28.24
22.62
60.19
4.83
7.90
58
8.90
8.76
68.14
192
100.95
22
99.95
9.50
27.09
10.65
10.72
36.95
19.42
11.76
13.24
10.24
11.50
24.50
24.27
11.45
10.40
12.90
19.90
10.67
10.79
35.04
7.25
29.50
21.40
7.31
47.67
16.52
336.30
11.60
25.50
13.89
7.26
16.47
13.36
16.17
8.18
17.79
56
61.05
35.99
8.80
7.20
7.27
8.33
39.90
46.34
4.76
9.26
86.62
29.15
29.50
36
11.60
9.85
14.99
61.11
57.50
10.43
14.03
173.63
59
11.21
86.76
28.27
16.90
38.02
6.58
46.65
8.90
8.68
33.95
64.80
22.09
29.89
72
9.50
15.70
10.66
23.19
13.50
41.28
6.75
17.90
37.63
50.67
8.67
31.19
369
33.89
5.36
11.90
32.97
11.37
61.05
17.74
7.75
23.50
5.10
34.90
21.10
28.50
21.88
9.90
13.71
15.60
22.95
48.64
39
16.45
13
82.50
6.99
86.62
13.50
14.52
14.63
12.25
26.80
17.45
13.50
5.90
9.75
27.06
9.90
6.29
18.42
7.25
8.41
14.50
96.95
55.77
9.06
59.90
1599.95
29.50
10.90
19.95
10.68
14.57
11.46
11.45
16.95
11.65
8.48
5.29
11.90
6.33
122.82
42
12.25
14.29
22.90
69.26
7.24
14.32
7.28
16
10.85
59.90
18.50
23.27
67.42
437.68
359
26.25
42.50
69.90
9.70
14.84
12.38
26.90
58.39
22.32
13.68
16.95
9.73
39.58
28.22
77.50
15.40
18.90
37.04
19.50
16.90
55.10
44.84
149
75.66
27.95
11.50
15.90
12.57
39
8.20
7.50
23.34
95.53
9.66
24.57
57.51
20.54
5.50
39
9.46
17.50
99.95
13.10
249.95
109
19.95
9.39
37.53
10.42
12.60
16.75
13.60
159.08
27.78
34.99
14.95
5.79
10.15
17.59
5.68
57.72
35.58
9.95
12.70
29.05
28.95
38.94
68
7.25
41.71
12.95
36.50
19.95
29.15
7.60
480
8.72
96.86
15.90
9.90
15.90
63.16
12.62
8.45
46
7.42
21.65
9.50
34.90
59.99
74.99
12.65
36.55
6.64
85
25.99
457.96
6.89
18.50
137.58
22.90
5.32
5.48
41.82
69
69.95
367
12.95
11.95
96
15.90
15.90
38.02
11.02
16.47
25
114.80
6.81
16.52
28.18
22
12.55
5.90
39.95
24.90
73.68
23.45
8.57
14.90
57
25.13
9.40
8.95
13.95
10.80
9.10
13.49
12.79
28.99
6.30
7.21
21.82
18.42
20.50
7.94
23.90
43.82
7.44
69.15
8.90
6.75
35.84
14.21
10.90
67.26
16.39
46.60
15.90
109.95
21.39
20.28
29.90
10.75
125.65
36.84
16.52
89.95
8.85
9.50
7.49
43.95
75
19.85
25.95
520
4.95
76.63
42.11
65.86
270
35.45
5.90
57.72
16.95
58.75
24.24
39.95
43.70
11.90
13.26
45.95
20.36
8.50
6.29
799.95
21.90
17.45
56.94
45.59
11.47
67.90
6.21
14.52
23.50
7.90
5.76
16.59
36.11
31.85
66.31
8.95
12.95
29.36
53.35
7.69
9.10
16.52
46.79
25.95
33.40
4.95
52.64
43.50
25.50
9.78
9.79
9.49
46.79
10
39
6.54
35.77
62.95
119
38.99
45
16.50
11.02
6.90
17.89
23.70
14.10
5.20
14.29
81.88
41.26
19.90
463.03
14.90
7.55
14.50
20.09
8.83
9.49
29.39
8.90
18.25
8.72
19.45
29.95
10.63
169
76.32
6.21
17.29
43.70
14.29
13.76
10.96
26.99
50.43
15.05
18.90
29.05
12.25
677.48
27.10
39.87
7.58
11.23
16.59
37.04
14.35
15.90
14.99
10.80
31.96
9.90
38.95
62.29
15.95
6.78
9.70
9.76
67.75
34.99
13.95
8.95
100.51
43.82
388.94
24.90
5.81
329.95
14.59
16.47
69.26
239
17.45
48.32
29
59
38.01
135.90
70.30
16.38
19.50
86.06
69
8.68
6.73
54.50
26.10
12.90
3.99
4.90
9.21
18
4.80
96.50
14.95
21.90
18
10.93
14.99
12.70
8.99
169
16.95
20.95
11.40
4.80
8.33
35.99
8.89
13.82
16.08
7.90
9.10
19.42
14.75
119
19.90
61.41
26.27
34
9.70
13.95
157.40
14.70
36.85
20.67
14.50
11.50
19.95
9.90
15.11
9.65
75
16.90
10.19
19.35
11.50
27.32
26.22
72
9.21
57.23
49.63
42.89
12.48
9.70
12.87
25.90
83.25
6.31
63.36
84.09
79
14.29
10.90
57.51
16.74
6.84
11.95
139.95
14.90
6.63
59
18.92
89
35.84
38.01
7.50
44
925.08
48
48.64
131.60
10.99
8.78
24.17
17.74
20.47
96.99
19.30
21.90
8.09
9.50
12.90
199
46.79
11.60
13.09
34.95
21.50
19.75
7.75
179
5.95
580
42.50
39.50
13.44
114.95
91.25
36.37
9.29
45.77
6.68
6.75
6.73
15.60
75
25.80
28.95
131.60
41.61
272.95
8.68
16.45
26.90
8.24
7.55
15.95
10.90
18.90
9.68
9.70
16.52
27.29
86.33
23.35
24.15
128.67
7.90
43.90
58.39
20.90
10.35
17.45
9.90
11.89
6.95
320.71
14.50
37.95
77.01
12.30
17.06
5.53
8.90
19.89
5.90
13.25
11.45
82.37
6.84
11.19
6.79
13.82
17.52
84.09
37.90
12.77
23.90
5.99
12.81
38.50
16.39
16.95
49.95
63.24
16.90
73.21
14.99
18
9.25
7.75
15.40
4.57
245.53
17.45
7.95
7.02
9.65
9.65
9.90
6.63
15.50
54.90
8.99
16.09
9.90
8.67
14.90
63
29.10
6.95
7.52
10.63
14.89
5.38
11.63
12.50
19.40
36.38
12.99
11.50
19.30
39.58
15.90
6.50
13.15
11.90
389.43
5.20
9
430
41.90
15
29.60
8.29
10.23
8.40
25.90
75
36.18
37.50
1071.29
17.63
14.90
136.80
11.21
7.71
10.23
69.95
8.50
39.50
33.90
92.61
23.90
55
12.50
19.90
12.62
960.17
19.45
98.72
45.90
23.16
101.74
58.39
12.70
16.69
5.28
11.50
55.48
6.93
324.95
11.89
16.50
5.90
67.90
7.60
15.90
22.63
7.88
15.04
10.56
15.78
7.63
7.79
64
23.61
29.61
8.21
49.88
7.70
31.50
63.66
4.61
39.90
15.05
115.95
13.93
20.89
9.50
19.50
42.95
9.26
11.43
8.63
99.95
95.53
12.30
17.90
27.78
18.52
64.02
7.59
14.50
6.50
17.99
14.95
42.27
9.69
49.99
23.90
33.90
9.72
8.50
6.62
33.94
25.30
21.45
89
12.95
125.75
9.39
34
8.49
170.59
30.07
219.33
16.39
16.95
6.99
36.95
731.09
91.55
26.90
13.90
14.79
15.50
34.95
15.90
6.95
13.95
7.80
11.21
9.49
134.83
69.99
12.62
8.33
10.50
16.48
6.50
60
7
96.51
66.93
63.36
7.45
7.53
8.76
6.21
12.99
6.12
7.45
39.95
7.95
8.90
14.99
388.94
23.34
46.46
7.89
25.34
28.65
13.50
12.92
56.27
21.50
24.27
23.68
12.90
33.99
67.42
66
14
290.03
30.73
87.64
12.48
130.95
31.10
5.95
100.80
7.90
19.44
15.13
10.90
102.35
4.80
53.61
9.49
19.65
27.60
12.50
21.45
10.80
38.50
44.52
13.55
46.50
6.60
14.13
6.29
12.60
10.62
38
18.86
55.90
86.76
77.01
117.95
6.50
13.95
18.84
129
48.64
11.50
139
9.99
37.04
35
15.39
6.58
8.70
13.90
22.79
21.50
12.34
8.32
105
8.67
9.37
8.69
18.03
40.94
12.48
8.90
23.20
34.15
299
26.90
14.19
56.95
38.70
13.95
11.40
6.90
15.95
12.50
36.11
89.95
12.48
34.02
9.50
89
65.95
6.31
7.63
54.36
23.79
16.90
13.90
29.41
63.15
27.36
29.15
21.45
12.69
44
30.99
18.90
6.83
27.90
9.95
24.18
36.99
26.50
8.50
8.70
51.60
56.54
17.21
45.77
89.95
19.30
9.50
11.95
22.95
7.36
41.61
18.84
38.94
8.90
38.89
30.31
109
19.99
9.95
5.25
160.84
28.42
14.35
19.30
12.50
94.65
16.66
15.95
13.90
8.72
6.25
83.06
11.89
19.90
154.23
17.29
115.70
580
6.63
116
13.15
146.24
12.95
9.95
9.70
10.41
48.80
7.89
18.20
189.15
54
13.95
29.47
46.95
85
12.19
6.50
13.44
38.46
13.90
26.03
18.90
10.23
23
6.21
6.30
9
17
52.63
42.40
58.80
75
59
49.50
19.40
16.90
49.55
21.93
4.99
19.95
35.90
7.20
20.54
11.60
12.99
55.51
34.99
6
36.90
19.99
43.87
25.99
36.70
21.25
13.43
179.95
10.50
86.76
4.63
21.74
27.79
31.95
14.90
14.90
24.99
38.75
28.10
16.47
17.23
86.76
7.75
12.99
57.51
110.74
14.50
15.42
7.35
31.10
7.20
129
24.75
29.95
36.52
6.50
8.78
62.95
86.76
52.95
73.90
16.09
52
24.10
8.72
279.95
19.65
15.04
15.70
37.90
24.90
35.95
60.45
13.90
28.50
59.95
12.95
15.50
151.88
109.95
38.02
33.48
10.35
7.58
8.21
9.90
13.55
7.22
12.90
23.49
10.50
86.06
165
12.57
39.90
69.26
29.19
50.78
5.99
10.31
7.89
14.95
50.67
20.74
15.90
15.90
40.95
249.95
67.80
29.50
6.64
23.88
12.62
18.73
8.15
15.98
14.90
12.87
115.70
35
129
11.40
209
58.95
7.90
58.39
174.49
13.45
6.32
18.90
5.79
48.60
22
44.47
27.90
10.43
7.79
13.95
48.55
6.49
10.21
5.49
34.32
24.74
9.36
574.15
14.95
14.80
486.42
17.90
4.90
33.50
17.90
11.99
13.16
14.19
5.60
12.50
29.19
34.02
89
48.40
135
258.30
6.79
18.50
24.99
12.60
6.84
87
8.72
9.95
36.90
316.95
54.73
6.95
14.90
88.30
13.95
13.15
11.25
7.25
7.90
7.84
48.43
39.89
9.95
10.79
76.63
83.90
12.19
8.56
4.67
12.10
98.95
29.90
8.24
45.95
53.90
8.95
36.74
65
23.99
10.45
25.50
89
22.10
19.90
13.55
62.95
91.55
43.87
13.60
129.95
39.95
24.57
13.25
18.38
43.87
10
14.95
17.90
13.90
17.79
13.58
92.63
20.95
67.26
12.90
16.20
16.09
34.07
11.95
11
13.50
9.50
53.13
16.95
12.20
45
85.27
25.79
19.90
140.64
13.90
8.75
19.40
239
16.52
12.50
12.80
26.70
153.90
80.91
34.20
64.33
20.90
9.90
24.50
12.50
14.90
23.30
33.69
12.60
34.21
27.15
76.76
16.50
7.95
28.18
9.50
34.97
54.95
63.39
10.50
11.60
53.61
52
9.25
30.39
16.47
20.09
23.95
6.21
7.88
